0.977642 4.01718
0.569724 3.34025
0.794395 4.17976
2.75065 1.25984
2.36693 0.92066
3.00333 0.786219
5.87915 3.81245
5.55649 4.03444
5.144897 3.516455
7.977642 1.01718
7.569724 0.34025
7.794395 1.17976
9.75065 4.25984
9.36693 3.92066
10.00333 3.786219
13.87915 0.81245
13.55649 1.03444
13.144897 0.516455
15.977642 4.01718
15.569724 3.34025
15.794395 4.17976
17.75065 1.25984
17.36693 0.92066
17.00333 0.786219
19.87915 3.81245
19.55649 4.03444
19.144897 3.516455
21.75065 1.25984
21.36693 0.92066
21.00333 0.786219
23.87915 3.81245
23.55649 4.03444
23.144897 3.516455