0.977642 4.01718
0.569724 3.34025
0.794395 4.17976
0.700544 3.51251
0.658215 3.85452
2.75065 1.25984
2.87452 0.85420
2.54005 1.05841
2.36693 0.92066
3.00333 0.786219
5.87915 3.81245
5.55649 4.03444
5.144897 3.51645
5.410515 3.65841
5.289251 3.81262
7.977642 1.01718
7.569724 0.34025
7.794395 1.17976
7.369724 0.54025
7.294395 1.27976
9.75065 4.25984
9.36693 3.92066
10.00333 3.786219
10.36693 3.12066
10.0333 4.386219
13.87915 0.81245
13.55649 1.03444
13.144897 0.516455
13.15649 1.13444
13.44897 0.716455
15.977642 4.01718
15.569724 3.34025
15.169724 4.34025
15.794395 4.17976
15.369724 3.84025
17.75065 1.25984
17.36693 0.92066
17.00333 0.786219
17.90333 0.686219
17.5065 1.0984
19.87915 3.81245
19.55649 4.03444
19.144897 3.516455
19.44897 4.516455
19.744897 3.9916455
21.75065 1.25984
21.36693 0.92066
21.00333 0.786219
21.00001 1.286219
21.50001 1.186219
23.87915 3.81245
23.55649 4.03444
23.144897 3.516455
23.044897 4.216455
23.75649 3.783444