7.39 0.903
12.645 2.441
2.99 0.544
9.983 2.24
4.831 2.473
1.469 3.971
5.948 4.104
2.388 0.857
8.118 0.231
2.334 1.023
-0.034 2.09
12.057 2.279
0.458 4.6
9.198 4.051
9.664 4.45
0.621 2.367
5.675 4.18
12.575 2.467
7.733 0.253
1.212 4.493
5.495 4.295
2.856 0.757
10.174 1.853
9.279 3.422
2.349 1.991
7.477 1.258
0.129 3.913
7.914 2.167
8.945 3.801
4.873 3.56
2.925 1.195
3.045 0.663
8.205 1.769
5.363 3.608
0.589 2.011
9.869 1.956
5.681 3.533
5.354 2.011
2.839 2.333
7.558 0.192
3.056 2.036
7.785 2.154
10.107 4.296
7.947 0.769
5.514 1.945
0.554 4.429
9.737 3.954
1.065 3.203
